1050	4	51951
1046	13	57112
1041	18	34301
1041	19	37075
1045	19	8884
1049	20	57112
1049	21	57112
1049	22	15127
1051	22	35674
1052	22	36289
1054	23	47747
1057	23	57112
1058	23	24768
1059	24	37239
1060	24	37149
1066	29	56295
1076	33	56996
305	144	35644
306	144	51310
302	145	1400
303	145	1579
305	145	57112
306	145	57112
301	146	2972
302	146	6574
303	146	8909
304	146	7352
305	146	57112
306	146	57112
307	146	6770
299	147	1799
300	147	4862
301	147	9249
302	147	13459
303	147	17818
304	147	56830
305	147	57112
306	147	57112
307	147	57112
298	148	2895
299	148	7161
300	148	11972
301	148	16677
302	148	19570
303	148	25124
304	148	57112
305	148	57112
306	148	57112
307	148	57112
308	148	3414
297	149	2771
298	149	7658
299	149	13285
300	149	18330
301	149	22592
302	149	25671
303	149	57112
304	149	57112
305	149	57112
306	149	57112
307	149	57112
308	149	12659
297	150	5631
298	150	12936
299	150	20365
300	150	26724
301	150	28331
302	150	31461
303	150	57112
304	150	57112
305	150	57112
306	150	57112
307	150	57112
308	150	26296
309	150	2685
296	151	663
297	151	6411
298	151	14909
299	151	24391
300	151	31317
301	151	35847
302	151	57112
303	151	57112
304	151	57112
305	151	57112
306	151	57112
307	151	57112
308	151	41455
309	151	6641
296	152	96
297	152	6058
298	152	15356
299	152	26796
300	152	35717
301	152	47318
302	152	57112
303	152	57112
304	152	57112
305	152	57112
306	152	57112
307	152	57112
308	152	57112
309	152	10058
297	153	4322
298	153	15010
299	153	29159
300	153	40367
301	153	57112
302	153	57112
303	153	57112
304	153	57112
305	153	57112
306	153	57112
307	153	57112
308	153	57112
309	153	13636
297	154	1079
298	154	11157
299	154	25942
300	154	41175
301	154	57112
302	154	57112
303	154	57112
304	154	57112
305	154	57112
306	154	57112
307	154	57112
308	154	57112
309	154	14349
298	155	6516
299	155	20131
300	155	40126
301	155	57112
302	155	57112
303	155	57112
304	155	57112
305	155	57112
306	155	57112
307	155	57112
308	155	57112
309	155	11473
298	156	1817
299	156	11715
300	156	27194
301	156	47932
302	156	57112
303	156	57112
304	156	57112
305	156	57112
306	156	57112
307	156	57112
308	156	49215
309	156	5143
299	157	1318
300	157	8015
301	157	18915
302	157	45898
303	157	57112
304	157	57112
305	157	57112
306	157	57112
307	157	57112
308	157	18224
301	158	1254
302	158	6275
303	158	57112
304	158	57112
305	158	57112
306	158	57112
307	158	57112
308	158	1669
303	159	39885
304	159	57112
305	159	57112
306	159	57112
307	159	57112
304	160	57112
305	160	57112
306	160	57112
307	160	57112
304	161	57112
305	161	57112
306	161	57112
304	162	10330
305	162	57112
306	162	57112
305	163	42333
306	163	57112
306	164	13210
181	197	508
182	197	822
183	197	2016
184	197	3100
180	198	751
181	198	2928
182	198	4931
183	198	7668
184	198	8700
185	198	3925
180	199	931
181	199	4514
182	199	9747
183	199	15082
184	199	16064
185	199	9232
181	200	4597
182	200	11291
183	200	18955
184	200	20775
185	200	11521
181	201	1606
182	201	6721
183	201	13009
184	201	14922
185	201	7588
183	202	1830
184	202	2706
990	256	481
989	257	2712
990	257	3087
991	257	967
988	258	1898
989	258	7780
990	258	5608
991	258	3842
992	258	2535
988	259	9422
989	259	13965
990	259	11186
991	259	11252
992	259	9690
993	259	3989
987	260	3801
988	260	19828
989	260	23691
990	260	23452
991	260	25363
992	260	18358
993	260	6186
987	261	11343
988	261	31530
989	261	39436
990	261	42499
991	261	35848
992	261	18640
993	261	4780
987	262	15598
988	262	36383
989	262	46740
990	262	46965
991	262	30190
992	262	12129
993	262	2961
987	263	10100
988	263	26384
989	263	36970
990	263	32728
991	263	19979
992	263	9662
993	263	3793
994	263	430
987	264	2141
988	264	13608
989	264	21537
990	264	19541
991	264	13804
992	264	7625
993	264	3198
994	264	276
988	265	409
989	265	3771
990	265	4491
991	265	3040
992	265	734
1019	269	765
1020	269	1314
1021	269	336
1019	270	1690
1020	270	1795
625	282	849
626	282	1552
627	282	1710
628	282	1521
624	283	2512
625	283	4334
626	283	4129
627	283	4482
628	283	4661
629	283	2877
623	284	1695
624	284	7682
625	284	9159
626	284	9585
627	284	10192
628	284	10109
629	284	7283
630	284	1688
623	285	4887
624	285	13949
625	285	18671
626	285	22064
627	285	23943
628	285	21096
629	285	13464
630	285	3580
623	286	4985
624	286	18820
625	286	32138
626	286	44695
627	286	48704
628	286	34953
629	286	16995
630	286	2632
623	287	1880
624	287	16413
625	287	38899
626	287	57112
627	287	57112
628	287	36963
629	287	12018
624	288	6763
625	288	27223
626	288	50461
627	288	45027
628	288	20035
629	288	2583
625	289	7229
626	289	15518
627	289	11555
628	289	1867
719	340	1280
720	340	923
719	341	2350
720	341	2629
892	386	215
893	386	1290
894	386	119
892	387	1427
893	387	3308
894	387	766
893	388	800
514	392	1008
515	392	3823
516	392	4781
513	393	595
514	393	4402
515	393	10615
516	393	11118
517	393	1209
513	394	1419
514	394	9362
515	394	18536
516	394	12213
513	395	647
514	395	8896
515	395	13245
516	395	4056
557	401	30964
557	402	57112
557	403	57112
558	403	57112
556	404	57112
557	404	57112
558	404	57112
373	405	173
374	405	2597
375	405	3132
376	405	1227
556	405	57112
557	405	57112
558	405	57112
372	406	2261
373	406	5584
374	406	9117
375	406	12424
376	406	11964
377	406	5770
556	406	57112
557	406	57112
558	406	57112
371	407	2154
372	407	6764
373	407	9588
374	407	14968
375	407	24706
376	407	33334
377	407	22511
378	407	4182
555	407	57112
556	407	57112
557	407	57112
558	407	57112
371	408	3521
372	408	6940
373	408	11931
374	408	23347
375	408	47383
376	408	57112
377	408	49119
378	408	12528
555	408	57112
556	408	57112
557	408	57112
558	408	57112
559	408	8863
371	409	3160
372	409	6833
373	409	13473
374	409	33818
375	409	57112
376	409	57112
377	409	57112
378	409	15674
555	409	57112
556	409	57112
557	409	57112
558	409	57112
559	409	57112
371	410	3227
372	410	7101
373	410	14636
374	410	40429
375	410	57112
376	410	57112
377	410	57112
378	410	10506
554	410	28583
555	410	57112
556	410	57112
557	410	57112
558	410	57112
559	410	57112
560	410	1450
371	411	1928
372	411	6364
373	411	13846
374	411	31381
375	411	57112
376	411	57112
377	411	26649
378	411	1553
553	411	5674
554	411	57112
555	411	57112
556	411	57112
557	411	57112
558	411	57112
559	411	57112
560	411	16181
561	411	934
372	412	1265
373	412	5721
374	412	13640
375	412	20757
376	412	21287
377	412	4192
552	412	4666
553	412	21564
554	412	57112
555	412	57112
556	412	57112
557	412	57112
558	412	57112
559	412	57112
560	412	40974
561	412	8122
375	413	107
551	413	691
552	413	15134
553	413	54174
554	413	57112
555	413	57112
556	413	57112
557	413	57112
558	413	57112
559	413	57112
560	413	57112
561	413	16068
551	414	3710
552	414	26430
553	414	57112
554	414	57112
555	414	57112
556	414	57112
557	414	57112
558	414	57112
559	414	57112
560	414	57112
561	414	19520
562	414	157
551	415	4120
552	415	29150
553	415	57112
554	415	57112
555	415	57112
556	415	57112
557	415	57112
558	415	57112
559	415	57112
560	415	57112
561	415	16947
551	416	2703
552	416	24704
553	416	57112
554	416	57112
555	416	57112
556	416	57112
557	416	57112
558	416	57112
559	416	57112
560	416	57112
561	416	11282
551	417	106
552	417	14675
553	417	51037
554	417	57112
555	417	57112
556	417	57112
557	417	57112
558	417	57112
559	417	57112
560	417	30870
561	417	3854
552	418	3891
553	418	20004
554	418	57112
555	418	57112
556	418	57112
557	418	57112
558	418	57112
559	418	57112
560	418	10121
553	419	4358
554	419	57112
555	419	57112
556	419	57112
557	419	57112
558	419	57112
559	419	57112
560	419	127
554	420	57112
555	420	57112
556	420	57112
557	420	57112
558	420	57112
559	420	57112
907	420	2872
908	420	5051
909	420	3826
910	420	1635
554	421	1965
555	421	57112
556	421	57112
557	421	57112
558	421	57112
559	421	57112
905	421	1637
906	421	11406
907	421	15983
908	421	13527
909	421	8141
910	421	4824
911	421	2113
555	422	57112
556	422	57112
557	422	57112
558	422	57112
559	422	57112
904	422	497
905	422	16517
906	422	31944
907	422	28752
908	422	17835
909	422	10268
910	422	6488
911	422	3762
912	422	898
555	423	57112
556	423	57112
557	423	57112
558	423	57112
904	423	13239
905	423	53786
906	423	57112
907	423	41278
908	423	25420
909	423	13320
910	423	7742
911	423	4550
912	423	1523
555	424	25390
556	424	57112
557	424	57112
558	424	57112
903	424	4048
904	424	37961
905	424	57112
906	424	57112
907	424	57112
908	424	35187
909	424	14901
910	424	7453
911	424	5200
912	424	2095
556	425	57112
557	425	57112
558	425	57112
903	425	12128
904	425	57112
905	425	57112
906	425	57112
907	425	57112
908	425	35564
909	425	13798
910	425	7149
911	425	4325
912	425	1449
556	426	57112
557	426	57112
558	426	57112
903	426	12240
904	426	54567
905	426	57112
906	426	57112
907	426	57112
908	426	30433
909	426	14201
910	426	7992
911	426	4749
912	426	941
556	427	57112
557	427	57112
558	427	57112
903	427	4851
904	427	28759
905	427	57112
906	427	57112
907	427	49554
908	427	28558
909	427	16445
910	427	9225
911	427	4609
912	427	381
556	428	57112
557	428	57112
558	428	57112
904	428	9703
905	428	27207
906	428	49368
907	428	32411
908	428	21913
909	428	14021
910	428	7119
911	428	2523
557	429	57112
905	429	4192
906	429	10607
907	429	11190
908	429	8892
909	429	4125
910	429	901
557	430	57112
557	431	57112
630	439	589
628	440	2677
629	440	6808
630	440	7352
631	440	4848
632	440	315
627	441	2838
628	441	10862
629	441	14177
630	441	13888
631	441	10431
632	441	3953
627	442	7579
628	442	18021
629	442	20242
630	442	18157
631	442	14845
632	442	6471
627	443	6302
628	443	16901
629	443	23817
630	443	25026
631	443	17228
632	443	5964
627	444	1805
628	444	11714
629	444	23321
630	444	24312
631	444	13095
632	444	1659
628	445	2758
629	445	9566
630	445	9138
631	445	2276
1045	458	1151
1046	458	2356
1047	458	1337
1044	459	7318
1045	459	10045
1046	459	6687
1047	459	2850
1048	459	554
1042	460	1117
1043	460	14529
1044	460	21487
1045	460	15426
1046	460	8288
1047	460	3454
1048	460	857
1041	461	358
1042	461	16831
1043	461	34077
1044	461	32498
1045	461	22001
1046	461	13146
1047	461	5324
1048	461	973
1041	462	12623
1042	462	39664
1043	462	56775
1044	462	50827
1045	462	37586
1046	462	20410
1047	462	6827
1048	462	875
1040	463	1273
1041	463	25030
1042	463	55664
1043	463	57112
1044	463	57112
1045	463	46210
1046	463	22751
1047	463	6845
1048	463	223
1040	464	2401
1041	464	25589
1042	464	53736
1043	464	57112
1044	464	57112
1045	464	36772
1046	464	16729
1047	464	4892
1041	465	13331
1042	465	32094
1043	465	47809
1044	465	36767
1045	465	23872
1046	465	10835
1047	465	3783
1048	465	512
1041	466	2387
1042	466	12651
1043	466	20677
1044	466	22204
1045	466	15277
1046	466	8474
1047	466	3965
1048	466	1052
1043	467	6079
1044	467	10369
1045	467	9326
1046	467	5741
1047	467	2490
1048	467	105
608	468	471
609	468	1074
610	468	602
1045	468	973
1046	468	780
608	469	1353
609	469	2292
610	469	1992
608	470	941
609	470	3594
610	470	3199
609	471	2301
610	471	1019
777	471	2589
778	471	6897
779	471	7946
780	471	4798
781	471	841
776	472	18886
777	472	57112
778	472	31159
779	472	25113
780	472	16088
781	472	7888
782	472	1389
775	473	9106
776	473	57112
777	473	57112
778	473	56836
779	473	38634
780	473	24880
781	473	14111
782	473	5116
774	474	2367
775	474	33420
776	474	57112
777	474	57112
778	474	57112
779	474	46584
780	474	29111
781	474	17458
782	474	7519
774	475	9677
775	475	57112
776	475	57112
777	475	57112
778	475	57112
779	475	47310
780	475	28109
781	475	18207
782	475	7651
774	476	11561
775	476	57112
776	476	57112
777	476	57112
778	476	57112
779	476	45677
780	476	27878
781	476	17164
782	476	6357
774	477	5921
775	477	41054
776	477	57112
777	477	57112
778	477	57112
779	477	46820
780	477	28666
781	477	15682
782	477	5117
775	478	15642
776	478	57112
777	478	57112
778	478	56059
779	478	36432
780	478	21307
781	478	9760
782	478	1341
775	479	1148
776	479	33688
777	479	57112
778	479	22460
779	479	14691
780	479	6452
781	479	1290
777	480	1445
778	480	2217
779	480	209
359	481	394
360	481	3100
361	481	4737
362	481	3467
358	482	2653
359	482	6299
360	482	11245
361	482	18142
362	482	20805
363	482	12807
364	482	970
357	483	951
358	483	5030
359	483	9663
360	483	17919
361	483	35076
362	483	55024
363	483	37415
364	483	9056
357	484	988
358	484	3779
359	484	8433
360	484	21826
361	484	56986
362	484	57112
363	484	57112
364	484	14710
357	485	617
358	485	2643
359	485	7074
360	485	23815
361	485	57112
362	485	57112
363	485	54483
364	485	10574
358	486	2381
359	486	7108
360	486	20573
361	486	44522
362	486	57112
363	486	26492
364	486	2135
358	487	771
359	487	4654
360	487	11351
361	487	20479
362	487	18454
363	487	5105
360	488	1657
361	488	2918
362	488	632
256	515	1227
257	515	856
255	516	1103
256	516	5408
257	516	4916
255	517	848
256	517	4109
257	517	2034
370	525	142
371	525	925
368	526	331
369	526	3539
370	526	7904
371	526	13408
372	526	12830
373	526	3376
368	527	1200
369	527	5335
370	527	15053
371	527	32173
372	527	34151
373	527	13648
369	528	3552
370	528	19005
371	528	46687
372	528	49618
373	528	16786
369	529	3123
370	529	17951
371	529	41511
372	529	36666
373	529	9782
369	530	2360
370	530	11048
371	530	20942
372	530	15204
373	530	988
370	531	3741
371	531	5495
372	531	1105
625	547	2504
626	547	5003
627	547	3464
624	548	11394
625	548	27568
626	548	31683
627	548	21626
628	548	7700
623	549	11116
624	549	39246
625	549	57112
626	549	57112
627	549	39003
628	549	16783
629	549	1696
622	550	1649
623	550	23329
624	550	55748
625	550	57112
626	550	57111
627	550	41921
628	550	19950
629	550	3214
622	551	3249
623	551	22629
624	551	42332
625	551	49907
626	551	47734
627	551	37259
628	551	18659
629	551	2971
622	552	1353
623	552	13686
624	552	28354
625	552	40072
626	552	42132
627	552	30395
628	552	13571
629	552	615
623	553	4267
624	553	14264
625	553	24381
626	553	26358
627	553	16176
628	553	4100
624	554	1582
625	554	7140
626	554	7379
627	554	2186
630	569	57112
631	569	11036
629	570	36687
630	570	57112
631	570	57112
629	571	57112
630	571	57112
631	571	57112
632	571	18894
633	571	3535
627	572	389
628	572	15322
629	572	57112
630	572	57112
631	572	57112
632	572	57112
633	572	21825
634	572	2787
627	573	12524
628	573	57112
629	573	57112
630	573	57112
631	573	57112
632	573	57112
633	573	45095
634	573	10906
808	573	23583
809	573	57112
626	574	3250
627	574	33226
628	574	57112
629	574	57112
630	574	57112
631	574	57112
632	574	57112
633	574	56550
634	574	16293
635	574	83
808	574	57112
809	574	57112
626	575	6722
627	575	44003
628	575	57112
629	575	57112
630	575	57112
631	575	57112
632	575	57112
633	575	56117
634	575	17673
635	575	846
808	575	57112
809	575	57112
626	576	7093
627	576	36971
628	576	57112
629	576	57112
630	576	57112
631	576	57112
632	576	57112
633	576	48794
634	576	14324
635	576	241
808	576	57112
809	576	57112
810	576	57112
626	577	2898
627	577	20490
628	577	57112
629	577	57112
630	577	57112
631	577	57112
632	577	57112
633	577	29826
634	577	7687
808	577	57112
809	577	57112
810	577	57112
627	578	5948
628	578	20074
629	578	57112
630	578	57112
631	578	57112
632	578	39819
633	578	10027
634	578	462
808	578	57112
809	578	57112
810	578	57112
811	578	699
628	579	3963
629	579	54134
630	579	57112
631	579	57112
632	579	7391
633	579	494
808	579	57112
809	579	57112
810	579	57112
811	579	57112
629	580	287
630	580	37947
631	580	1262
808	580	57112
809	580	57112
810	580	57112
811	580	57112
812	580	18013
813	580	9574
814	580	2380
807	581	57112
808	581	57112
809	581	57112
810	581	57112
811	581	57112
812	581	57112
813	581	32699
814	581	15807
815	581	3540
806	582	3144
807	582	57112
808	582	57112
809	582	57112
810	582	57112
811	582	57112
812	582	57112
813	582	57112
814	582	30562
815	582	11181
816	582	950
806	583	17973
807	583	57112
808	583	57112
809	583	57112
810	583	57112
811	583	57112
812	583	57112
813	583	57112
814	583	39918
815	583	16839
816	583	4066
805	584	2436
806	584	38870
807	584	57112
808	584	57112
809	584	57112
810	584	57112
811	584	57112
812	584	57112
813	584	57112
814	584	41847
815	584	19278
816	584	5133
805	585	4120
806	585	46250
807	585	57112
808	585	57112
809	585	57112
810	585	57112
811	585	57112
812	585	57112
813	585	57112
814	585	41577
815	585	19487
816	585	5844
805	586	2792
806	586	35893
807	586	57112
808	586	57112
809	586	57112
810	586	57112
811	586	57112
812	586	57112
813	586	57112
814	586	37976
815	586	19031
816	586	6960
806	587	19764
807	587	57112
808	587	57112
809	587	57112
810	587	57112
811	587	57112
812	587	57112
813	587	55525
814	587	34091
815	587	16116
816	587	5248
806	588	5887
807	588	57112
808	588	57112
809	588	57112
810	588	57112
811	588	57112
812	588	57112
813	588	38378
814	588	22341
815	588	9035
816	588	628
807	589	57112
808	589	57112
809	589	57112
810	589	57112
811	589	57112
812	589	30212
813	589	17408
814	589	9157
815	589	2166
808	590	57112
809	590	57112
810	590	57112
811	590	57112
812	590	9936
813	590	4659
814	590	1186
808	591	57112
809	591	57112
810	591	57112
811	591	2832
812	591	492
808	592	57112
809	592	57112
810	592	57112
808	593	57112
809	593	57112
810	593	57112
809	594	57112
810	594	40708
809	595	57112
809	596	57112
809	597	48938
911	630	3512
912	630	8569
913	630	6760
914	630	1558
910	631	4027
911	631	16320
912	631	18313
913	631	9827
914	631	1453
910	632	10379
911	632	24691
912	632	22770
913	632	10196
914	632	710
910	633	8503
911	633	21198
912	633	19311
913	633	8008
910	634	2862
911	634	9983
912	634	9012
913	634	2992
911	635	1779
912	635	2170
263	643	10558
258	644	525
259	644	4456
260	644	9294
261	644	12578
262	644	37454
263	644	57112
264	644	52203
265	644	251
257	645	2134
258	645	8909
259	645	17238
260	645	26861
261	645	38704
262	645	57112
263	645	57112
264	645	57112
265	645	20802
266	645	324
256	646	266
257	646	5930
258	646	12053
259	646	19966
260	646	32002
261	646	57112
262	646	57112
263	646	57112
264	646	57112
265	646	50298
266	646	5901
256	647	1180
257	647	6423
258	647	9608
259	647	15175
260	647	30752
261	647	57112
262	647	57112
263	647	57112
264	647	57112
265	647	56461
266	647	6408
239	648	748
256	648	2251
257	648	6092
258	648	7984
259	648	14364
260	648	35363
261	648	57112
262	648	57112
263	648	57112
264	648	57112
265	648	37756
266	648	2273
237	649	1105
238	649	6976
239	649	11290
240	649	8482
256	649	3173
257	649	5472
258	649	7570
259	649	12956
260	649	27997
261	649	56180
262	649	57112
263	649	57112
264	649	57112
265	649	16964
237	650	3655
238	650	12540
239	650	19658
240	650	12646
256	650	1842
257	650	4383
258	650	7086
259	650	10926
260	650	18681
261	650	29335
262	650	57112
263	650	57112
264	650	40037
265	650	3944
237	651	4397
238	651	11823
239	651	14061
240	651	6899
257	651	1443
258	651	4377
259	651	7600
260	651	12689
261	651	18217
262	651	30039
263	651	57112
264	651	7456
237	652	887
238	652	3893
239	652	4738
258	652	650
259	652	3149
260	652	6007
261	652	9031
262	652	9766
263	652	10053
261	653	1056
262	653	77
403	677	47920
403	678	57112
404	678	944
401	679	3749
402	679	57112
403	679	57112
404	679	57112
399	680	5771
400	680	16118
401	680	31248
402	680	57112
403	680	57112
404	680	57112
405	680	18512
398	681	5918
399	681	19843
400	681	41544
401	681	57112
402	681	57112
403	681	57112
404	681	57112
405	681	47997
406	681	4904
397	682	1459
398	682	12019
399	682	26038
400	682	43368
401	682	57112
402	682	57112
403	682	57112
404	682	57112
405	682	57112
406	682	7862
397	683	3912
398	683	14983
399	683	23335
400	683	33114
401	683	57112
402	683	57112
403	683	57112
404	683	57112
405	683	55188
406	683	7290
397	684	5523
398	684	13572
399	684	18426
400	684	25490
401	684	49808
402	684	57112
403	684	57112
404	684	57112
405	684	35708
406	684	3835
397	685	3576
398	685	8758
399	685	14324
400	685	20482
401	685	32286
402	685	57112
403	685	57112
404	685	57112
405	685	17658
398	686	4042
399	686	9104
400	686	15609
401	686	22809
402	686	57112
403	686	57112
404	686	57112
405	686	6287
399	687	3340
400	687	7706
401	687	12786
402	687	31035
403	687	57112
404	687	7568
400	688	620
401	688	3226
402	688	4433
403	688	8654
575	693	8063
576	693	15818
577	693	9329
574	694	7308
575	694	23609
576	694	31367
577	694	17094
578	694	2525
573	695	425
574	695	7580
575	695	18731
576	695	21722
577	695	13611
578	695	3473
574	696	2696
575	696	6140
576	696	7961
577	696	6631
578	696	2028
575	697	964
576	697	1944
577	697	2111
199	700	32
199	701	216
878	702	1899
879	702	1979
878	703	3836
879	703	2679
878	704	2008
879	704	321
958	724	1032
959	724	998
958	725	534
959	725	389
530	824	2701
531	824	549
530	825	2021
630	840	5042
631	840	5721
632	840	1085
629	841	3821
630	841	11948
631	841	9448
632	841	2197
629	842	3818
630	842	9574
631	842	6818
632	842	746
629	843	59
630	843	3033
631	843	1206
584	851	4824
585	851	4533
582	852	2817
583	852	21254
584	852	57112
585	852	33319
586	852	9081
581	853	2487
582	853	21244
583	853	57112
584	853	57112
585	853	57112
586	853	22552
587	853	2663
580	854	405
581	854	12885
582	854	37212
583	854	57112
584	854	57112
585	854	57112
586	854	33250
587	854	8853
580	855	5152
581	855	17375
582	855	35925
583	855	57112
584	855	57112
585	855	56461
586	855	31349
587	855	12594
588	855	412
580	856	6543
581	856	13421
582	856	22157
583	856	39435
584	856	54541
585	856	31602
586	856	20670
587	856	12006
588	856	1901
580	857	3404
581	857	7148
582	857	10824
583	857	16286
584	857	17539
585	857	14499
586	857	11531
587	857	7822
588	857	1805
580	858	419
581	858	3217
582	858	4931
583	858	6191
584	858	6329
585	858	6926
586	858	6828
587	858	4184
582	859	1808
583	859	2237
584	859	2260
585	859	4351
586	859	4159
587	859	619
584	860	24
585	860	1136
586	860	503
361	873	613
362	873	886
359	874	2435
360	874	10013
361	874	20523
362	874	18861
363	874	3929
358	875	4050
359	875	11273
360	875	28377
361	875	46816
362	875	36334
363	875	9405
357	876	929
358	876	4903
359	876	16675
360	876	38707
361	876	52350
362	876	35657
363	876	11401
358	877	5336
359	877	18101
360	877	32901
361	877	37352
362	877	27365
363	877	9507
358	878	3824
359	878	12179
360	878	19254
361	878	19764
362	878	14706
363	878	5706
358	879	726
359	879	4951
360	879	7257
361	879	6724
362	879	6589
363	879	2317
361	880	1173
362	880	1921
987	918	306
986	919	1251
987	919	3185
988	919	1861
986	920	1450
987	920	3821
988	920	2275
997	920	461
998	920	1333
999	920	94
986	921	165
987	921	1896
988	921	710
997	921	4754
998	921	5312
999	921	3055
997	922	5844
998	922	6838
999	922	3533
997	923	3910
998	923	4899
999	923	2332
997	924	753
998	924	862
298	927	1124
299	927	5958
300	927	7092
296	928	1660
297	928	6011
298	928	15674
299	928	29696
300	928	28918
301	928	7771
295	929	1827
296	929	5622
297	929	13925
298	929	32228
299	929	48638
300	929	38932
301	929	12241
295	930	1652
296	930	7536
297	930	20412
298	930	36546
299	930	46738
300	930	34480
301	930	11702
295	931	1468
296	931	9669
297	931	19288
298	931	28711
299	931	32652
300	931	23958
301	931	8552
295	932	1286
296	932	7339
297	932	12827
298	932	17463
299	932	16982
300	932	13165
301	932	4679
296	933	3409
297	933	6182
298	933	7561
299	933	6766
300	933	5866
301	933	1398
297	934	688
298	934	844
299	934	926
300	934	1842
467	993	386
468	993	57112
467	994	57112
468	994	57112
467	995	57112
468	995	57112
469	995	51882
465	996	3066
466	996	57112
467	996	57112
468	996	57112
469	996	57112
470	996	11789
464	997	7183
465	997	26187
466	997	57112
467	997	57112
468	997	57112
469	997	57112
470	997	30506
471	997	2708
463	998	9779
464	998	30483
465	998	57112
466	998	57112
467	998	57112
468	998	57112
469	998	57112
470	998	51427
471	998	10294
462	999	7330
463	999	26609
464	999	48826
465	999	57112
466	999	57112
467	999	57112
468	999	57112
469	999	57112
470	999	57112
471	999	18549
461	1000	2868
462	1000	16930
463	1000	31947
464	1000	45681
465	1000	57112
466	1000	57112
467	1000	57112
468	1000	57112
469	1000	57112
470	1000	57112
471	1000	26262
472	1000	2938
861	1000	3773
862	1000	4491
863	1000	733
461	1001	8152
462	1001	20101
463	1001	26354
464	1001	36815
465	1001	57112
466	1001	57112
467	1001	57112
468	1001	57112
469	1001	57112
470	1001	57112
471	1001	28182
472	1001	5736
860	1001	3240
861	1001	12733
862	1001	12187
863	1001	5835
864	1001	943
460	1002	620
461	1002	9026
462	1002	16246
463	1002	19554
464	1002	27009
465	1002	45115
466	1002	57112
467	1002	57112
468	1002	57112
469	1002	57112
470	1002	42916
471	1002	24415
472	1002	6358
860	1002	6015
861	1002	15052
862	1002	14915
863	1002	7804
864	1002	1873
460	1003	104
461	1003	5829
462	1003	10289
463	1003	13830
464	1003	17967
465	1003	28378
466	1003	57112
467	1003	57112
468	1003	57112
469	1003	50461
470	1003	30589
471	1003	17951
472	1003	4495
860	1003	6025
861	1003	11892
862	1003	12221
863	1003	6161
864	1003	944
461	1004	2289
462	1004	6870
463	1004	10301
464	1004	13088
465	1004	16556
466	1004	22850
467	1004	57112
468	1004	57112
469	1004	23373
470	1004	22870
471	1004	12203
472	1004	1922
860	1004	3438
861	1004	6136
862	1004	6764
863	1004	3606
864	1004	56
461	1005	305
462	1005	3392
463	1005	6188
464	1005	8789
465	1005	10036
466	1005	10621
467	1005	57112
468	1005	57112
469	1005	17228
470	1005	14718
471	1005	6224
861	1005	1014
862	1005	1989
863	1005	832
463	1006	2612
464	1006	5216
465	1006	7200
466	1006	7136
467	1006	28096
468	1006	10489
469	1006	11038
470	1006	7707
471	1006	1504
464	1007	1617
465	1007	3563
466	1007	4188
467	1007	3956
468	1007	3956
469	1007	4495
470	1007	1869
465	1008	330
466	1008	1556
467	1008	515
